8 0.4159869494290376 0.4901214428131231 0.10603588907014683 0.1305057096247961
8 0.43637846655791174 0.48359615733188327 0.044045676998369025 0.05655247417074531
8 0.3209624796084829 0.4400942541236179 0.09380097879282218 0.14935653434837776
8 0.6986133768352366 0.6148268986768171 0.22104404567699823 0.3625158600688779
0 0.5436378466557912 0.5988762008337865 0.04975530179445343 0.0957041870581839
4 0.4934747145187602 0.6757295631683887 0.0456769983686786 0.06380279137212255
4 0.4074225122349102 0.5640746782671742 0.035073409461663874 0.02900126880551028
4 0.05464926590538337 0.21968461120174004 0.03588907014681893 0.11455501178176544
4 0.11133768352365417 0.22983505528366863 0.031810766721044034 0.10005437737901027
0 0.14926590538336051 0.23636034076490842 0.02936378466557914 0.09860431393873474
0 0.13580750407830344 0.33278955954323003 0.05464926590538335 0.08845386985680623
7 0.1064437194127243 0.46184520572775056 0.2128874388254486 0.543773790103317
0 0.6366231647634584 0.6017763277143375 0.04975530179445343 0.08410367953597969
