8 0.6798531810766723 0.626427406199021 0.18515497553017904 0.388617001993837
8 0.4498368678629687 0.47852093529091894 0.1003262642740619 0.13050570962479616
8 0.3682707993474715 0.4270436831611383 0.06117455138662315 0.1377560268261737
0 0.5709624796084829 0.606126518035164 0.04241435562805876 0.08700380641653077
0 0.18230016313213704 0.3233641471814392 0.051386623164763494 0.0812035526554287
4 0.5191680261011419 0.6554286750045314 0.049755301794453505 0.046402030088816486
4 0.4400489396411087 0.5510241073046944 0.03181076672104409 0.029001268805510478
4 0.10603588907014683 0.21750951604132682 0.022838499184339316 0.11310494834148993
4 0.15130505709624795 0.21968461120174004 0.028548123980424122 0.1348558999456226
4 0.18760195758564438 0.23201015044408194 0.032626427406199025 0.10150444081928583
4 0.04200652528548124 0.2204096429218778 0.023654159869494283 0.08120355265542865
0 0.0265089722675367 0.3146637665397861 0.0464926590538336 0.07540329889432662
7 0.10970636215334409 0.4074678267174194 0.21941272430668818 0.5829255029907565
