8 0.1268352365415987 0.6235272793184702 0.23572593800978794 0.5220228384991843
4 0.20717781402936375 0.4806960304513322 0.050570962479608426 0.10005437737901034
4 0.36541598694942906 0.24288562624614826 0.02120717781402938 0.06815298169294906
4 0.33727569331158236 0.23708537248504624 0.025285481239804283 0.09135399673735727
4 0.3017944535073409 0.23346021388435745 0.029363784665579155 0.1015044408192858
4 0.2226753670473083 0.22983505528366865 0.039151712887438815 0.10005437737901034
4 0.18230016313213704 0.22403480152256663 0.03507340946166394 0.10295450425956129
4 0.1529363784665579 0.22983505528366865 0.044861337683523635 0.10005437737901034
4 0.2483686786296901 0.24578575312669926 0.023654159869494328 0.07685336233460209
8 0.5020391517128874 0.4183433025194852 0.06933115823817296 0.12325539242341847
8 0.5831973898858075 0.4770708718506435 0.09787928221859694 0.09570418705818376
0 0.7377650897226754 0.5930759470726844 0.053017944535073414 0.12180532898314297
4 0.6721044045676998 0.6525285481239804 0.04567699836867874 0.06380279137212255
4 0.5938009787928222 0.5365234729019395 0.037520391517128784 0.02610114192495928
7 0.26345840130505704 0.386441906833424 0.265905383360522 0.4393692224034802
