8 0.31158238172920066 0.4995468551749138 0.09461663947797713 0.22475983324270438
4 0.35195758564437196 0.3835417799528729 0.03507340946166401 0.053652347290193914
8 0.8495106035889072 0.5183976798984955 0.1394779771615008 0.12615551930396948
8 0.7271615008156607 0.44661953960485773 0.08238172920065252 0.1334058365053471
4 0.945758564437194 0.740257386260649 0.06933115823817289 0.08555374297625519
4 0.8376835236541598 0.5988762008337865 0.06199021207177807 0.03190139568606121
0 0.4314845024469821 0.4386441906833424 0.04893964110929851 0.09715425049845933
0 0.4730831973898858 0.3523654159869494 0.04404567699836875 0.06960304513322456
0 0.5823817292006526 0.35889070146818924 0.04078303425774877 0.07395323545405105
4 0.4106851549755302 0.2769621170926228 0.031810766721044034 0.08410367953597969
4 0.43556280587275664 0.2697117998912449 0.02283849918433999 0.10730469458038777
4 0.46615008156606846 0.270436831611383 0.02365415986949422 0.08845386985680623
4 0.533442088091354 0.2740619902120718 0.02120717781402938 0.09280406017763272
4 0.5689233278955954 0.270436831611383 0.023654159869494294 0.09425412361790826
4 0.5970636215334422 0.28276237085372485 0.017944535073409398 0.09570418705818383
0 0.18393148450244698 0.23636034076490844 0.03507340946166394 0.06380279137212252
1 0.1402936378466558 0.2225847380822911 0.27732463295269166 0.18415805691499001
7 0.5028548123980424 0.4103679535979699 0.24061990212071777 0.487221315932572
