7 0.46451876019575855 0.43139387348196484 0.22430668841761828 0.4335689686423781
0 0.12153344208809136 0.22403480152256663 0.04730831973898859 0.06525285481239805
1 0.11460032626427408 0.22113467464201556 0.2275693311582382 0.17255754939278592
8 0.21044045676998366 0.514047489577669 0.13376835236541598 0.2740619902120718
4 0.2479608482871126 0.4284937466014137 0.039151712887438815 0.047852093529091776
4 0.7850734094616639 0.5800253761102048 0.03996737357259377 0.03480152256661228
4 0.8870309951060359 0.7112561174551386 0.06443719412724307 0.0710531085735002
0 0.9604404567699837 0.6489033895232916 0.07096247960848288 0.09135399673735733
8 0.6806688417618271 0.4255936197208628 0.0758564437194127 0.1319557730650716
8 0.797716150081566 0.4915715062533985 0.1305057096247961 0.1189052021025919
