8 0.3968189233278956 0.6380279137212254 0.21941272430668846 0.44661953960485773
0 0.6080750407830342 0.5930759470726845 0.049755301794453505 0.08700380641653077
0 0.6969820554649266 0.5901758201921333 0.053017944535073414 0.08700380641653077
0 0.21615008156606852 0.3182889251404749 0.050570962479608496 0.0826536160957042
0 0.06280587275693313 0.3081384810585463 0.05709624796084829 0.0797534892151532
4 0.14151712887438828 0.22548486496284212 0.023654159869494294 0.11455501178176544
4 0.18923327895595432 0.23346021388435745 0.019575856443719387 0.09570418705818376
4 0.2230831973898858 0.23636034076490844 0.02365415986949426 0.08700380641653073
4 0.04445350734094618 0.20880913539967375 0.04323001631321371 0.0957041870581838
7 0.13132137030995092 0.40384266811673003 0.25938009787928196 0.6104767083559904
4 0.45432300163132133 0.4857712524922965 0.04730831973898859 0.09280406017763283
